12 0.0162257 0.897825 0.0206385 0.92972 0.0495567 0.920866 0.0450452 0.887494
13 0.165016 0.908637 0.163928 0.945407 0.214252 0.947196 0.213911 0.907897
1 0.820046 0.854295 0.817892 0.889988 0.887986 0.90432 0.890208 0.869881
1 0.957573 0.804841 0.962653 0.839366 1.00815 0.824557 1.0033 0.791615
5 0.505031 0.867366 0.504199 0.906987 0.548022 0.904798 0.549369 0.86485
13 0.277213 0.875757 0.282132 0.910864 0.301313 0.903911 0.296933 0.869392
5 0.635987 0.833956 0.64052 0.864604 0.65822 0.852425 0.654794 0.821735
8 0.686892 0.270407 0.669699 0.285883 0.711266 0.292073 0.722365 0.275437
17 0.205279 0.259961 0.18678 0.27621 0.230306 0.280853 0.244669 0.26499
17 0.148384 0.578625 0.143833 0.608521 0.18914 0.611687 0.191118 0.583549
17 0.637835 0.559969 0.635056 0.587293 0.673644 0.596013 0.676914 0.571015
